935206.44
774825.3
2107633.3
3585559.5
1762855.3
1940212.3
3616640.3
4289991.5
2593245.5
2190920.5
1855613.3
-318925.5
-980236.8
-2794363.8
-3827613.5
-5376996
-6033010.5
-8654349
-11788224
-9142180
-6561897
-4006102.5
-8440753
-7301658
-5265365.5
-3827381.5
-3669111
-5353033.5
-4234721
-4385109
-6191729.5
-7668468.5
-5266738
-3765629.3
-3108419
-1778948.8
-1689536.5
-3639790.8
-3780017.5
-1904940.9
-182038.13
-797548.3
-2198258.5
-1847568.9
-1583036.5
-139149.13
-742212.94
-629723.06
-5210986
-13165639
-12846021
-12780761
-10907062
-10306569
-9124485
-8153033
-6209421.5
-4660295
-5089979.5
-3638972
-3833649.5
-5596000.5
-5606074
-5701755.5
-4096815.8
-1382982
-37074.625
-1541255.6
-1329190.6
-916327.4
-956041.44
-521454.94
-2056664.3
-2391169.3
-3766949.8
-5780348
-4176027
-3193162.5
2163197
-1700276
-460875
1975355.3
-992808.5
-644275.44
-3326375
-7006307
-9490712
-7868499
-6928411.5
-6368569
-9085240
-10732597
-8460110
-8774437
-9058263
-9400666
-11701378
-14165264
-15126553
-15518757
-15522971
-16102478
-16080435
-14975126
-15110113
-14744589
-14872338
-14680956
-15349752
-15868351
-15163731
-13313156
-14680877
-14488603
-14719586
-14699777
-14373446
-14459425
-14715284
-15986804
-16779560
-17300824
-18862266
-18551282
-17959182
-17922144
-17753664
-18502876
-19009680
-20382328
-17994916
-18712860
-18011652
-18713566
-16905654
-16335448
-16375165
-16885114
-18143388
-18565220
-15730534
-14458913
-14324576
-14991959
-14003308
-14549736
-12587868
-12085522
-11247408
-12130042
-12429861
-13025745
-13411211
-12638415
-14285660
-14632320
-14304454
-13891648
-13855473
-14470233
-15344593
-15544665
-13131164
-12489917
-13276503
-13380421
-14367291
-14490324
-14325731
-14307205
-14015117
-14057280
-13876520
-14661664
-14497085
-14579021
-15117987
-13823835
-12728218
-12934426
-13850653
-14565854
-14068863
-17143154
-14563927
-13038864
-12465563
-14838359
-15435596
-15013911
-16374435
-15400317
-17308486
-18453590
-19462356
-19605220
-19902172
-20608346
-21485396
-21330536
-21199648
-21043034
-22041942
-23557238
-22571200
-23707830
-23953702
-23325800
-24609712
-25302850
-24842812
-25071062
-25542012
-25547984
-26970960
-26241612
-26663464
-26474110
-25965330
-25256324
-25227938
-25128502
-26170384
-25018418
-26924340
-26843062
-25998630
-25233102
-27293014
-29267724
-26041452
-25383946
-23292098
-23574108
-24635934
-24904414
-22148190
-23043204
-20721416
-20640680
-20240376
-20076088
-20309922
-21808348
-20994332
-21271312
-20046184
-20474444
-20248016
-21849804
-20190794
-22360166
-20933512
-22693766
-24268850
-25328190
-25545936
-27275552
-28093236
-29671310
-28666970
-28806462
-29312064
-29679136
-27731472
-26955192
-32067994
-31521334
-27593056
-26844944
-28009978
-30113300
-29321640
-31139018
-29946108
-35970216
-29283564
-31176334
-29361424
-26797774
-24315822
-32666732
-32989078
-28987640
-28343686
-28229240
-25536558
-25655876
-24807602
-23360378
-22375950
-22489908
-22350130
-22002160
-21530370
-21613306
-21225504
-23482502
-22837586
-23506558
-26391608
-20847164
-15741076
-14979213
-15243447
-18326762
-20233474
-23922420
-26809496
-27411884
-26155844
-24794424
-26238536
-26097922
-23594924
-24532628
-29650104
-26248036
-27998144
-25485956
-24737252
-23696244
-22034734
-23931508
-24606702
-23417000
-26772848
-29137758
-27614204
-28293346
-28207046
-31979046
-31529280
-30977948
-32341386
-30585874
-31025080
-31973692
-31527984
-31426630
-31794940
-36861228
-37826040
-38193476
-39032696
-40499280
-38242988
-37421896
-37814316
-36958530
-36263520
-36969724
-37013056
-36749300
-40815264
-40348936
-38016870
-37654828
-42393136
-46615716
-48473630
-48315940
-39644304
-44786730
-40305660
-41792520
-41799700
-41170256
-40299936
-39618572
-41189316
-38164690
-36566424
-35965724
-36160548
-29614312
-35617256
-37044580
-36951916
-39646356
-36510496
-40833228
-36959804
-38157016
-39643108
-38593276
-42089710
-48155240
-49687216
-41672572
-44700780
-53151190
-47319684
-44804748
-39189570
-39413972
-44674144
-42249250
-36277950
-45152390
-21154676
-21325050
-3909008
-683233
-9245011
125323200
125386296
125879400
125170010
125885370
124886510
123331680
122541850
122508750
122265540
122373890
122420740
121699300
120188310
121815930
121106600
122377330
121349150
121193140
120682080
118382190
114635790
114365810
113878570
114384696
113311400
113433710
114494770
114422980
114736424
114260760
114316730
114793960
114501976
113722000
113826580
113771710
113646360
113004370
113096950
112346240
112346240
112412670
112142290
110986300
112076160
111445240
112398300
111690650
110004830
110143950
110132570
110190210
109294264
108683016
108251480
110352610
109426370
108694340
108492660
107886470
108113400
107993440
107900104
107433610
107466220
107453800
107317670
107457144
107292910
107502300
107017130
107213820
106256536
106492830
106186584
106682480
107104280
106585130
105991650
105627310
105250104
104756340
103917100
104665960
103956900
103066440
103548740
103526400
102650840
102764696
101497890
102534630
103675280
104215610
103957130
104406170
102831430
102051256
101748750
100482940
101074180
98468856
99073730
98350664
101086010
101171880
99755330
102482376
98687940
99086110
91410010
93589720
98196960
98776504
100809490
97414520
111098290
99905150
106928410
109494600
104678510
109534810
110165940
112002900
108462440
111261980
102172410
102219320
105693830
104793290
106740820
108357896
108940150
109183700
108638490
109012060
109006230
109210150
108663150
108829090
108690020
109116616
108773150
108496904
107106820
107244220
108714310
108792900
107961320
106847540
107957416
108032904
107910890
107814020
108049100
107751190
107374100
107549064
107960104
107223450
107127310
106439060
105997704
106137784
105848184
106181110
105617900
105356344
105140440
105149300
104913510
104890070
103781656
103832770
103803740
103872184
103809256
103246590
102784760
102734620
102543220
102356216
102733160
102379530
102136470
101879450
102309576
102445900
102482080
102133030
102298536
102017120
102043784
102163624
102388240
102454250
102328360
102065440
102245330
102037980
102056776
101919130
101854344
101694240
101685700
101722850
101476350
100516216
99827930
99832330
100392380
100210200
99992220
99959490
99659130
99709120
99295760
99213200
99138600
99231990
99289050
99349576
98599170
98346100
98006870
98373030
98365380
97537736
97236460
98166920
98094264
97511100
97604440
97720990
97244560
97337340
97074920
97404070
97614130
97443280
97366584
97158640
97798020
97897280
96918030
96599190
96516920
96519170
96150660
95815990
96128750
96155920
95890220
95717600
96015080
95140950
96220056
96238330
95949690
95948530
95421160
94778424
94961390
96419820
95506430
95569064
95896950
95176950
94809780
93836380
96093580
97261210
98793550
98114970
98208400
98045384
97997176
98116664
98131620
97958800
97491170
97772760
97614300
97709690
97768530
97604760
97450820
97582104
97380610
97226990
97590390
97600410
97461224
97302220
96741900
96934090
96941920
96495840
96776270
96824420
96898020
96729624
96807450
96470376
96359096
96517656
96521416
96607410
96307256
95920070
95336030
94905230
94413250
92987560
93263770
93655240
93508280
93642210
93740670
93881510
94398130
94990936
94264620
95325940
95514690
95631990
95199576
94304600
96847416
97474136
97760210
97752570
98651370
98979064
98586190
99010830
96833510
97269490
97241230
97330184
97490824
97526850
97250456
97171190
97067680
96576850
96575090
96524930
96533336
96715450
96515770
96593610
96306584
96179480
96139050
95984056
95584840
95425890
95291330
95251784
94807864
95265590
95784620
96863810
95761380
95487224
95696670
95302130
94999336
94658150
94515210
94159544
93355990
93297190
93540890
93655110
93705130
93575580
93282100
93558600
93505890
93493340
93356570
93166090
93314170
93192850
93119370
93168056
93086420
93179384
93000024
93137800
93236520
93781690
93769256
93239450
92337144
92317570
91880650
89220580
89494900
89808264
88992250
89177050
89054620
89829600
89647040
89466590
89120080
88469470
88882024
89236800
89093110
88408060
87383360
87514104
83775640
87873220
87833320
87428470
87401270
87783944
85338630
87881730
90503070
91772800
92862360
92294330
92676690
93731080
93345520
93214104
93570900
93294170
94887750
95353920
97231150
95896460
96123340
96479944
94947416
95045550
94730330
95541450
95618184
97721570
99245510
98736370
97272010
98634824
99150890
100973864
101472510
101706580
100768090
100060250
102728664
106872120
106292130
105360810
105132530
106036540
106519650
105642680
107019710
106750830
106549944
106061176
106608890
106735550
106071640
106953150
105121030
105495020
106801300
106395960
106473990
107002580
107515370
107217360
107009430
106856070
106750450
106267450
106464620
106290130
104925704
105215430
105010800
104992010
104930660
105805976
106284824
105122560
105572110
104597660
105109416
105388320
105951580
106131470
105992930
105435600
105187310
104852270
104687850
104536940
104478420
104439580
104438370
104497530
104846110
104288104
103872170
103823810
103715180
103557290
103710110
103534340
103517050
103757660
103584880
103404856
101475440
99285010
99243016
99378376
99701010
99753860
99579180
99464024
99445656
99492280
99365830
99451500
99409070
99436616
99408330
99097810
99307350
99331224
99091760
98864740
98753336
99067624
98816170
98852750
98670100
98706110
98318110
98728730
98803816
98919496
98773656
99077270
99109970
99334264
99322920
99463030
99363060
99428580
99624570
99680830
99606344
99405250
99210940
98724100
98787110
98835144
98898340
98845360
98867750
98770660
98816860
98688136
98751256
98873336
98654240
98844820
98906110
99121310
98793980
98595390
98392320
97988620
96702470
96582104
94315790
93352330
92718010
93045320
92946810
92800640
93316080
93506320
94993450
95598780
95658620
95365650
95209890
95132600
94913620
95048024
94512056
94168280
94875280
94636970
94068850
93687150
93940560
93617704
94053016
95007560
93183464
94156610
94661784
95109480
95120710
95692280
95772200
95738024
96005270
96316980
96016456
95625200
95282980
95505870
95529980
95397330
95062216
95661336
95719976
95839900
95193700
94672260
94375200
94528090
94661864
94826230
93537480
92956270
92355620
89772130
89372610
90811480
92268940
89617704
91806970
93535100
93470470
93346460
93633640
94418240
94325740
95244740
95757890
95752010
96006296
96141830
96112600
95638824
95766730
95587624
95454390
95459270
95461580
95547390
95297350
95164104
95168460
94717400
94892290
94831480
94825680
95243540
95243540
95156800
95186300
95496856
94982264
94778870
94785590
94722904
94909860
94468440
94461220
94409540
94510216
94540504
94831950
95019840
94457320
94996810
95117840
95188744
95187320
94928550
94637000
94658670
94789864
94451010
94766300
95024610
95125450
95323820
95372760
95178744
95069050
94479680
93647230
93407016
93864024
93261200
92294744
91715300
91587430
91663030
91534840
91546936
91474170
91865750
91949380
91861520
91567100
91465920
91524470
91460296
91454060
91397150
91409340
91165420
91270620
91190280
91242390
91123050
91277740
91027060
90284216
90694664
91056536
91959710
92306504
92295944
92663544
92432630
92816880
93356056
93479510
92978670
93338824
93424190
93454980
93655630
93647580
93540680
93461736
93238280
92988856
92918620
93004210
92977580
92557040
92606860
92668410
93203210
93316030
93080450
92695800
92159770
93107330
92889650
92716136
92406040
92269710
92968296
91852700
91681840
91768984
91997120
92289360
92202030
92112140
91816920
91824860
91918110
91807860
91727320
91657910
91445544
91121090
91094700
91026780
90914520
90679450
90877250
90818860
90899780
90826310
91154260
90802540
91173704
91255710
91172740
91207450
91062580
91351020
89983220
90428310
90616584
90949050
90377864
91966250
92804184
92854880
92699450
92615940
92885380
92649100
92585590
92704940
92696500
92728730
92662870
92721160
92748760
92587304
92474650
91731790
92423320
92461340
92544130
92191576
92076520
92247720
91940080
91231050
90851350
91014630
91136270
90929360
90524640
90538230
90523224
90630990
90525590
90360390
90388260
90174140
90228470
90302456
90204440
90312650
90276220
90482100
90501880
90549096
90618550
90722136
90574420
90568940
90608800
90647336
90573230
90094520
90056370
90096870
90188620
89746980
89996536
89540500
89636664
89594664
89434450
89460770
89452310
89379064
89422230
89487496
89459430
89527550
89373790
89591290
89120930
89112056
89069120
89049340
89137864
89064580
88905440
88843040
88886460
88766320
88471170
88295040
88359416
88293400
88145920
87892830
87665230
87521590
87713270
84885410
84955500
85009600
85007440
84991410
84627660
84647880
84626160
84579230
84620810
84623680
84414780
84462570
84578240
84447500
84413690
84125496
83880800
83773950
83806200
83719300
83837464
83842840
83921190
83831260
83779780
83937256
83917120
83843490
83588730
83528550
83343440
83343440
82910696
83108060
82673360
82381720
82126910
81864680
82056750
81918390
82258580
82501224
82528060
82550696
82413304
82546370
82528050
82103130
82075510
82096920
81252104
80583210
81461760
81124530
82820930
82860300
82669740
82231250
82476220
82930230
82890960
83376744
83436770
83667750
84308984
85416540
85297110
85090120
85185300
85195570
85268940
85285030
85309300
85114830
85230504
84662904
84585010
84167310
84124420
83966190
83953040
83860856
84032216
83756040
84223720
84038000
83982536
83903496
84430080
84093980
84100060
84104210
85046696
85559220
81865410
79740390
78687270
77667290
78895590
80035800
79872070
79879540
79631680
79456590
79433160
79626330
79657520
79805304
79906540
80067896
79987250
80185970
80129680
80162220
80211730
80235380
80013790
79950280
79965850
80163210
80049830
79716780
79306216
79283390
78864640
79438184
78956990
79006730
77776530
74345870
74625760
75009710
75264936
75405000
75383590
75368980
75052000
75055944
74552730
74689944
74582470
74493030
74300610
74168344
74011736
74258330
74149944
73691400
73344360
72572220
73685040
74617030
74449810
74583736
74293110
74440664
75170190
75046430
75151624
75104810
75590250
75810960
75662420
75682800
75588720
75383530
75301440
75522360
76123930
76302250
76335930
76031900
75425180
74854320
74452456
74126360
74287110
73756220
74011780
72422940
72271190
72961040
73292410
73070296
73037330
73238610
73656610
74253944
73474720
73547900
74504216
78117630
81857010
82053110
82245440
82332024
82667100
82600600
82924870
83959900
84481670
84463870
84074980
83696860
83618990
83583870
84172580
83897110
84342760
84079640
83844270
84082760
83547550
83098680
83217930
83329816
83510184
83240720
83244890
83205896
83267440
82741870
82247930
82178420
81821190
81807750
81780000
82078616
82594010
82052280
81807180
81697110
80351940
80417900
80375210
80127900
79659240
80452090
80145380
80234760
81101640
80361670
79255180
79100680
79358264
79696850
79708220
79224540
80499780
80380824
79655784
80500830
81108720
79249710
78300010
83579990
83295096
84605280
81972010
82340060
82268760
82656936
84211310
82874936
84172056
83460500
82332380
81905830
84922360
86035970
87774790
87739840
88233290
88642550
88171040
88325060
88500390
88083770
88128150
86959890
88205576
89423440
89016360
90187120
90478904
91250650
91031150
91805650
91819220
92185576
90848000
91161000
91478710
91799260
91745224
91785170
92093416
91784660
92235990
92047270
91461780
90615170
90777730
90041440
91020050
91172440
91508536
92610800
92745090
92699340
93100250
93312920
92947720
92263336
92704880
91810536
89044930
89467656
91424584
90172300
89534650
89538950
89005340
88763060
89041260
88385416
88859220
88807430
89053300
87604970
88151630
88385380
88137470
87927976
87464640
87684250
87090380
88664230
89797860
89924820
89713384
89308216
90109816
88975000
89240610
90053130
90004730
89517864
89041700
88138584
86311050
87386510
86033220
86569110
87673770
84513470
87144330
87394216
87117864
84349700
78729950
77760536
81044540
85507256
86518850
86966590
87198216
86758510
86419480
86498950
85024680
88041230
86684600
86506000
86736740
85919180
88238696
89274250
89570890
89758410
89865010
89645220
90239340
90509704
90565050
93954780
94549420
93693030
93382840
92940330
92637224
92653720
91491660
89445180
90710310
91905336
91974540
92069570
92107830
91696024
91345220
92130800
92319784
92584264
92329090
92484504
92051430
92409416
92260120
92334340
92099910
92172570
92567740
92655896
92020650
92177740
92414696
92626900
92808930
92767540
92909620
92810210
93164060
93256230
91957870
92985030
92640310
92271300
92274730
92321670
91904936
91968120
91177110
91121700
91273656
91845340
91032770
90888780
91200150
92375550
92489220
90037550
91805170
93580150
95132190
94336670
94122360
93817460
93386230
93642060
92481580
92804504
92944570
92847930
93006290
93085490
92947470
92664320
92778616
93174136
92660536
92313704
92374680
93109016
92132650
92514776
92157220
93038300
93193080
92485660
93066020
93565170
92997230
92407050
91842940
92179470
90955250
92233920
94103890
93794504
93709690
94243260
94484510
94384120
94081470
95470744
94539816
96356664
96802370
95512410
95210904
95303520
94869310
94550890
94187540
93268450
91848330
91115280
90826870
91185650
90963390
90568250
90557670
89519944
90773950
86351304
81237620
83255530
83206230
82930056
81698376
81320310
79348810
79818776
81184536
81441170
81004210
82351120
82287520
80803576
79893710
79887660
81429976
81827610
82406936
82747880
82771560
82520050
82643210
82803740
81895490
82354744
80818536
79337800
80269760
81048904
81763220
81894970
83062024
82192904
83079280
83258900
83422960
82757440
83079160
83911550
83935580
83125700
83539280
82500536
82440920
81850550
82159080
81559920
81633370
80924390
80271144
79888800
79673120
79728850
79629400
79684504
79585210
79970344
79399090
79015130
79192424
78923780
78401704
78450940
78187500
76989330
76511570
74461490
73033100
71991460
73333600
74123660
74698840
75310260
75533016
75408010
74551930
74878350
74878350
75012584
74641470
75516296
75200160
75598900
72752750
75120520
75674616
74863030
74792936
75097310
74971690
74498080
74965420
74983910
74842840
74415760
68766470
68941220
69303100
68567976
69614560
71971770
71626620
71459816
71404856
71002420
71261460
71165900
70921810
70916580
70889020
70240730
69658216
69520470
69435360
68993980
69001610
68456430
68328240
68524130
68618376
68815810
69089860
68776460
69656960
69758056
70117920
69525720
69225610
69378830
67976050
67653830
67915100
67101960
68073320
68332424
68839930
68406104
68329000
68465100
68437750
68803740
68341464
68174970
68191320
67878470
67223920
66840800
66621776
66587216
66853410
66942276
67313540
67430280
67398030
67444376
66900308
67506100
68283200
68544050
68103960
141712930
141742850
141696020
141577980
141394050
141533440
141584000
141382370
141414720
141262270
141182180
141171060
141148930
141146670
141031140
140911230
140962200
140961150
140949230
140821220
140855600
140930160
140977140
141090110
140994740
140978560
140940240
140985980
141057020
140537340
140339470
139270740
139366540
139360060
139240960
139154320
139135060
139187800
139149300
139213040
139309250
139196240
139196830
139353630
139429620
139474580
139462690
139408080
139409680
139418540
139464750
139562060
139426860
139270290
139212050
139250910
139252880
139190380
139157400
139261970
139341920
139332260
139270750
139263630
139267500
139289180
139269710
139213860
139175600
139204900
139011970
139087400
139195900
139152500
139275200
139406430
139555540
139519820
139528700
139356700
139357460
139196960
138964220
138837220
138839040
138739310
138534720
138503940
138464340
138499120
138936100
140657620
140534220
140800850
140686900
140634990
140401820
140607490
140685970
140452210
140188480
140131760
140198700
140318160
140246820
140353020
140277010
140465250
140578900
140473950
140554990
140604560
140644560
140720880
140144830
140049820
140284050
140346960
140392600
140327150
140430380
140449180
140523360
140541170
140402000
140626940
140558020
140595700
140145950
140245710
140009710
139679940
139531620
139471500
139495550
139414020
139479940
139464430
139603710
139664590
139564220
139555490
139540460
139569520
139424160
139555360
139637710
139659340
139534100
139584690
139637780
139282260
139784420
139695220
139850720
139704320
139519300
139560180
139311950
139233820
139173630
139118110
139068590
139006370
138942290
138875170
138754580
138912510
138823040
138832110
138963500
138922190
138708740
138811230
138872130
138762940
138967500
139053200
137870720
138021870
137758620
137471310
137249550
137600000
137841810
137503660
139031950
139315570
139113900
139063920
139149040
138908690
138881540
138960300
138942340
138871170
139219060
139188210
139221980
139207680
139174780
139417490
139279620
139125540
139157550
138593310
138002850
137739570
137871420
137963340
137970290
138073090
137928640
137835250
137730530
137749820
137641740
137533180
137486910
137583820
136939330
137068980
137038350
137163580
137139740
137137680
137082350
137060620
137081890
136927630
136976110
136792080
136847970
136917650
136825540
136516180
135875470
135791940
135935000
136063540
136059700
136527540
136630540
136794700
136939120
136944050
136900220
137040620
136958610
137086510
137133900
137230060
137117120
137274530
137373180
137414910
137384910
137436700
137263360
137154540
137237460
137152210
137124080
137061570
137181520
136847870
136913400
136564300
137123220
137400690
137354140
137473540
137734780
137541760
137621120
137320590
137171260
136918110
137114320
136460450
135641060
135350340
135102900
135141980
134859950
134415660
134508290
135433760
136069250
135899250
136101200
136224800
136266850
136047940
136028560
135931780
136068510
136198020
136101800
136073230
136580260
136832000
137042540
137137400
137086580
136814540
136798720
136899000
136957600
136348980
136075980
135937010
135940110
136313300
136116930
136072830
135885010
136178660
135643100
136132540
136425010
136575660
136752930
136570060
136783680
136615410
136721810
137108080
137113250
137290540
137305820
137347280
137822460
137589230
137231100
136738850
136760960
136183040
136675440
136722450
136766270
136830580
136313900
135359580
136619200
140956460
140660300
140500690
140587540
140754900
139506910
140361150
140823950
140956420
140778180
141038290
140991870
141117470
141478560
141734620
141011460
140474510
140649010
140605800
140693500
140659200
140738700
140879580
141201840
140438110
139810140
140681650
140987440
141081170
140600080
140782000
141885380
141309150
142677360
142911070
142889380
143017520
142814880
142875000
143057940
142759940
142531500
142499360
142751860
139708510
139598480
139963550
140176910
140174610
140433400
139791490
140858960
141455200
141512640
141226270
141667870
141630620
142160940
142375870
142614510
142472260
143130430
142116540
142752960
143015920
143173660
142816320
142685710
142635730
143007470
142771020
142854160
143333520
143621820
143727490
143388780
143332420
143556020
144008130
143520380
143753250
144338430
144613400
144589460
144646260
144642640
144599520
144338990
144082400
143591150
143343920
143400640
143715090
143629470
143522180
143615100
143440930
143418620
143523340
143542260
143562140
143274160
143260770
143450900
142895090
143198540
142793440
142628350
142548770
142565330
142538690
142446960
142434610
142422350
142439980
142468420
142332880
142180480
142158340
142265820
141917090
141677800
141422660
141427550
142338480
142422880
142433940
142692640
142574220
142585980
142585460
142549900
142396530
142551300
142665650
142792200
142596980
142712900
142563860
142399620
142183150
141924560
141994000
141951460
141927500
142129260
142040560
142219660
142256450
142212800
141974670
141918780
141930340
142039040
141856160
142054990
141854000
141847490
141638110
141689710
141580900
142104880
142152020
141990110
141785500
141881010
142074620
141483520
141657940
140218130
140205570
140808460
141029490
141144460
141361490
141441490
141401170
141369970
141407570
141266980
141675860
141785000
141641620
141699060
142172160
142321390
142443820
139311150
140014740
140097170
140849500
142062380
142144260
140324180
141652510
142288370
142425390
142539060
142803580
142711790
142409200
142648380
142285390
141480140
141853700
142151570
142041330
141781630
141504780
141627780
141749060
141916560
141658400
140896720
140896020
141243900
140344980
139932750
139747630
139640050
139045460
139022020
139180050
139527650
139495870
139369100
139091220
138738740
138644290
138410510
138298530
138374830
137901680
137907730
137421470
137811000
137562270
137150460
137134460
136647380
136461390
136369060
136274420
136208240
136230910
136239800
136136820
136001420
135932860
136089120
134939680
135121660
134875740
135041440
135072860
134983710
134890770
134919340
134940500
134955550
134905340
134923410
134823180
134721220
134663520
134566300
134568590
134518600
134610050
134534320
134448670
134399070
134384030
134092130
134045260
133995310
134043250
134317700
134401490
134449660
134348590
134304850
134353260
134420480
134306460
134243660
134029520
133713420
133810220
133506630
133650510
134029460
133710750
133924216
134037130
134280350
134442700
134062180
134392180
134433660
134954740
135350910
135196460
135210240
135321700
135157520
135114510
135401660
135406510
135395170
135230460
135121870
135482560
134777200
134899040
135229200
137094880
136964320
137062320
136572860
136233310
136131120
135677870
134742860
135336930
135402430
134732660
134867380
135218240
135782300
136035310
136163330
136447630
136502320
136290160
136846000
136934060
136804540
136130020
135849090
135671220
135482060
135278770
135148160
135410380
135403540
135204880
134969980
135199060
135385180
135585310
135584580
135209180
134409250
134556480
134395600
133517464
133485590
134341390
134962030
134963900
135090560
134774220
134542980
133702410
134799520
132527640
135013580
135325950
136379680
136166740
136607950
136250910
136323710
136369980
136839090
136582700
136341890
136054530
136020670
135260750
135095230
134684200
134382910
134392690
134200320
134211496
134493550
134393950
134152110
134068120
133793610
133538570
133477420
133515810
133399250
133130080
133429016
133065990
133212920
132510970
132855090
133134090
133203800
133411880
133205170
133171950
133340470
133367440
133356050
133654170
133832880
133926664
133892780
133992970
133775140
133718360
133774190
133617496
133708640
133738240
133885990
133862820
133685520
133549800
133801400
134006410
134029260
134093680
134054970
134027910
134031020
134144080
134100220
134013040
134412640
134288200
134412930
134422260
134492590
134316200
133724940
133525910
133138440
132924130
133087390
133225390
133056700
132988120
133161760
133281976
133280270
133323624
133435144
133582830
133694950
133699090
133783320
133766950
133817280
133547144
133323944
133392920
133311496
132627290
132910040
132335850
133539176
133905624
133830910
133556950
133827810
133946590
133924664
134136030
134114180
133668860
133538860
133699580
133505540
133234776
133216584
132851860
133880420
134298800
134530450
134440180
134418000
134332850
134118180
134294200
134181740
134019830
133844100
133719896
133743590
133775010
133552040
133351384
133566730
133600490
133461330
133223864
132367150
132865410
133616380
133975230
134228770
134143600
134104210
133976184
134014400
133808320
133732024
133739410
133649840
133567304
133420300
133439490
133468830
133472310
133450660
133424140
133469930
133443040
133358296
133289670
133312630
133271340
133268610
133336290
133303940
133277640
133322680
133200740
133298380
133194970
133231940
133141224
132843820
133136504
133086430
133076820
132719390
132929920
132639120
132737000
132296750
132381944
132642190
132734300
133095590
133155176
133071180
133152050
133091710
133174190
132862160
132691730
132438240
132276490
132555040
132675950
132685980
132721930
132662870
132794184
132878280
132730824
133804190
133466550
132852584
132691060
132584710
132421980
132319290
132078730
132076240
132060744
131506550
131729416
131834120
132048104
131982500
132241224
132333320
132006770
131922120
131592104
131547340
130918504
131019990
130667910
130551390
130498560
130310420
130290200
130279480
130041704
130110960
129732540
129550900
129116856
129083070
129012000
128919600
129151150
128888900
129250670
129465050
129479700
129634580
129568970
129373540
129448260
129654560
129513840
130108630
130206290
130105580
130169460
130242890
130183330
130178660
129897450
129974310
130179370
130429064
130156060
130204550
130123336
129341250
128986390
128069820
128723110
128905830
129053120
128896776
129334840
129475290
129319930
129372010
128519570
128351130
128578950
128903110
129649790
130639010
130521880
130741870
130942860
131215130
130842470
131247400
130996710
130521096
129930000
129481384
129422360
129094240
128203576
129104470
129309016
129851330
130500344
130577920
130207900
129766776
129439780
128331640
128501990
128671160
127884670
127022456
128652580
129105064
129305864
129263190
129646296
129983704
129339380
128992664
124719970
126742980
127989820
128261976
128743100
128360504
128937656
128227840
128270450
128757540
128898000
128441770
127487240
125999020
126204320
126240120
126322800
126135540
125990424
125983550
125958920
125803190
125864000
125793660
125686504
125458900
125395670
125463390
125180480
125033730
124677250
124933460
124838720
124581030
124358776
124490720
124452720
124476220
124428320
124611656
124541320
124479000
124212960
123941720
123922660
123430670
123343650
123297250
123310420
122931450
122627290
122517850
122149656
122387280
122480120
122574320
122545290
122626776
122279200
122111464
121874840
121999256
121819030
122028664
121556590
122378190
121956310
121801800
121192360
122769390
125422344
124798770
124269270
123443500
124577220
124961050
125369256
124470424
124733190
124859250
124563944
124753890
124896170
124783624
124820140
125167600
125137170
124944380
125007800
124816980
125093304
124876040
124466350
124358880
124126550
123819450
123565770
123774056
123708000
123964250
123784250
123942360
124112936
123124410
123000720
123683720
123945670
123913170
123975896
124202376
124238250
124421860
124435784
124555250
124134800
124191960
124555330
124626830
124595860
124466530
124310220
124409110
124390080
124248640
123876160
123854250
123565280
123363800
123435740
123326100
124174264
123586280
124284240
124732090
124840450
125015070
124956900
123731890
122225070
122078184
122256260
122307630
122225110
122267880
122249220
122150616
122236730
122209464
121892450
121773050
121363580
121842020
121844020
121894200
121571144
121727576
121921320
121851260
121812290
121929040
121855500
121464440
120902500
120807950
120696030
120736780
120498410
120616100
120413384
120181610
120074600
120086570
120282450
120459700
120403096
120272390
120410090
120380920
120394984
120186370
120032856
119976730
119473130
119965200
120119720
119826200
119635810
119760296
119826650
119708700
119819350
119857020
119931864
119656220
119594630
119363230
119360800
119370470
119359320
119104520
118890890
117848420
118090980
117927970
117536160
117460920
117071680
117080180
116653390
116462360
116592090
116373430
116795670
116930264
117227120
117183690
117118216
117170170
116788860
116337570
115928184
116496720
116892710
116498480
116453420
116557840
116521080
116651120
117058920
117111640
117537440
117800890
117929700
117803280
117411470
117242696
117226480
116812280
116717400
116372136
115984040
115310216
115510024
115698900
115865860
115762990
115324540
115393784
114794800
115692890
116291090
116242070
116222960
116673740
116696290
116591336
116072130
115874840
115785120
115624056
115738780
115610264
116018930
114978880
115013464
114841064
115271620
114933310
114470720
114563190
114787620
114685130
114242830
114025360
114730430
114258520
113438080
112687330
112018590
111910980
112308540
112930610
112220170
112293220
112478130
111077480
111082760
111054780
110540056
109328680
109443430
109563590
108412216
107093790
105541200
106492780
107540520
108234980
107440480
107306504
107699680
107669460
108326610
108038860
107011144
108320940
108118580
109125000
109166060
110231320
110263700
109668750
109985080
111206680
110538690
109663900
108792890
108662470
108347260
107996380
108670460
109067420
108254344
107957330
107567820
107567820
105133120
103296660
105272680
106106960
106960300
107755620
107994570
108417510
108980480
108490170
109507130
110214856
109135940
107844824
108225416
108316270
108214560
108127610
108484980
108261450
109684430
109490500
109350984
112097360
111870420
113251850
112015160
113147170
113956824
113813000
111674690
110600740
112949130
111481784
110218776
110666030
111474056
109523590
110743250
104490530
102938720
105954630
107767080
106949730
108145496
112695010
109935656
112192210
112662310
113625120
114037520
115939320
119657976
118286070
118635220
120511190
116438700
113848560
110469590
113115050
114263610
113151650
108800500
113003430
112338520
115599200
113411384
117839120
121102920
111427160
106617496
107550456
107079660
114660180
113766770
115560900
119733256
122150370
115229576
124012536
125046390
124133736
123469370
124484930
128329816
125432300
123430760
127470180
127583000
129314300
130178240
129941460
129961980
131498800
131900984
132073360
133007740
132879144
133309300
133691896
133783230
133689400
133580800
133966600
133694010
133855020
133565910
133777224
133827704
134345200
134341840
133913736
133342760
132753600
131906660
132013790
131482240
130506100
130941510
131274320
131425860
130997990
130522270
131653770
131082230
132806210
131094290
132374820
132162190
133253220
133408660
132727290
133518220
133269896
133974500
133543416
134508420
133792040
133254216
132913110
134447040
133434260
134023370
133689220
134938100
134419700
134407710
134794320
135702850
135358420
135840140
134889870
133674810
133916070
135412530
136501040
135036940
135802850
136353660
135772530
135798580
135894190
136204510
135952260
135997800
135910300
134996450
134016360
134282580
135781280
135363360
135962190
136312900
135714050
136298100
136021070
135419340
135701150
135149570
135881070
135565500
134828320
134660670
133292790
133501350
133050040
132533500
132251570
130327736
129478690
131322740
129770100
128747070
128601736
127738840
127616790
127429630
129148650
128520960
128855840
129681380
129131330
128770690
127756510
128266610
127160400
127073250
126384104
127831980
126774850
126382940
124926776
123951864
124997416
123240980
123201864
123675370
123110400
123545816
121398490
122338410
121770110
123054680
123121320
121801910
123013760
125274340
122455840
120790490
121012744
120884980
121468340
122116500
121641070
122286540
123060290
123586770
122050580
123627940
122142750
119628590
119980820
122439260
123007790
123583610
124162120
123119160
122928940
122316280
122316280
125396490
128480910
138840140
141103440
140920580
140306290
145234060
147498610
145999440
147634130
148136300
145663950
148425440
149130830
151616240
151598450
151918750
152139500
151960350
152008450
151995520
151122340
150167150
149521500
149488130
149772130
150554420
150787970
150566620
150084430
150860240
150877890
150158880
149411760
148564060
148382640
149179550
149605920
148698140
147286140
146681090
146584500
145803580
145931220
144734740
145470100
144802850
145373010
146812860
140790670
144906850
149028740
151221300
152226110
151386020
151710900
151645090
152043620
151522560
151325380
151272180
150910720
151703780
151783090
148048960
147006450
147538100
147364020
146664200
146073950
146131790
144368240
145038420
145291420
145300320
144003940
143246800
143512750
143607660
143209380
142806240
142964000
142573980
142688290
141486260
140353360
139695150
139815360
139855890
139351200
139413890
139142080
139048900
138703950
139182420
137336210
139005810
140083620
142628380
141394450
140568820
139905100
137624430
138706220
139457260
138489380
138905980
137171060
135967870
135912000
133175610
134038984
134948100
135763260
134663250
135110190
136850190
137108450
137162260
136552460
137624130
136941780
135431150
138332690
139042240
140209440
137010660
135903520
138321250
138335760
137652940
137289970
137434980
137240050
137153200
136484460
136116720
136103180
135560400
136032580
136209090
134463950
132812720
133074120
132711110
133095140
132212370
132987530
133109270
133335860
132727890
133312536
133688616
132625530
132120720
131473590
132722376
132616730
134203270
133971976
133834620
133576620
133230700
132467200
133559176
132504370
131646180
131501864
130684616
131331540
131449250
131135256
130746850
130608410
129836220
129893390
130291850
130159490
129608980
129499120
129022330
128688450
128280180
128196504
128194700
128020420
128093464
128123496
127452670
125954760
125121544
125202240
124695090
124578040
124601910
124587060
124847060
124512400
125019190
125104264
125329950
125235976
125375624
125301890
125352770
125191510
125022030
125256360
125073280
125865840
125992050
125600600
125694950
125671460
125226880
125129460
124784420
124779950
124916530
124365490
124798680
124457520
124463740
124392580
124530960
123895630
123571870
124548510
123624390
123295500
124532424
124620056
124767944
124625040
123808890
123631000
123689176
123708340
123562380
123617336
123034380
123881880
123868616
123151930
123100340
123314536
123311736
123668930
123625590
123772390
123542730
123872430
124045310
123547940
124208420
125168550
125712470
129593850
130599930
129402536
130044010
131365010
125902050
123718584
123572090
123789110
122828810
123305910
121434360
121990024
121987870
122173290
122448104
122903000
123498240
123247430
123943100
124224370
124397200
123199050
123739870
123585224
123089170
123819760
124199240
124157590
124219920
124335670
124398790
124402824
123453704
123886090
123540380
123119310
122629230
122509790
122440510
122014030
122251780
122128696
121933990
122021240
121757730
121315770
121161544
120886760
121033280
121083030
121517420
121372090
121369450
121711580
121604056
121476456
121626856
121203544
120554720
118268160
118212850
118484296
118361144
118428880
117878000
118028370
118202240
118110620
118311360
118528990
118038220
118309680
118720120
118730190
118504700
119123330
118388100
117525736
118166780
118406904
117904850
117945820
118045480
118072530
118089080
116816000
116755330
116764150
116939000
115615280
116363976
115731260
115572180
115253550
115011020
115209304
115722680
115402744
115261530
115356430
115061820
115450344
115352540
115513550
114821180
113853096
113727150
113891590
113635840
114302750
115971370
117044570
117611890
117207690
116842200
117212430
116351170
115474650
115712510
115072830
114861060
114498024
114242824
108988536
108196000
107829400
106678136
108070100
108520136
110016760
109795944
110003570
110154600
110563304
110679060
110369064
111294990
109775100
110270056
110722660
110658700
111098360
110208280
110046270
109928050
110116430
111460680
110525840
111008184
110423660
111648670
112688460
111720160
112232870
112333220
113010840
113289256
111523160
112011304
112599544
112802930
112299460
112225064
112318584
112946340
112461510
113348280
113204744
114022024
113991590
114184520
114774984
114890630
115147860
115147860
114822990
114826440
115012390
114256530
114564630
114122540
113679630
113130664
112970390
113523240
114047190
112911630
113158104
112609496
113280740
113376540
114020220
114342950
115243050
117219620
112707384
109716320
110421250
110453784
110477540
109916540
107074200
107613450
107902950
108073050
109279540
109388616
110151240
110454900
110309976
111261080
111638450
110889176
109476790
109811096
110442440
110751050
110343060
111244296
111867540
111667670
111268220
112299710
112426150
112550350
112340980
111466490
111826820
111961710
111169340
110225930
108856880
111383120
109943384
111966380
111094170
110832376
112502450
112591400
113448510
113487450
113150130
111801090
111976820
113154810
114166430
114977736
114152790
116497784
118372320
119175480
119463430
118769240
118521770
115571490
114137380
114220080
113816180
113991704
113907100
113054070
112946960
113368840
113558060
113460744
113581650
113462290
113138696
112947330
112856660
113158220
113036200
113763600
113746100
113592650
113497500
113454920
113496310
112868560
113229370
112817700
111694536
111825976
112659256
112594450
112036410
111866770
111438184
111322740
111307780
111494504
110706340
110530264
110552520
110413510
110068140
110009030
110134730
110613720
110975230
110034980
108940770
108993360
107503930
107757576
108417064
108146180
108414024
107847840
108266020
107495990
106414180
106933170
107320730
106999930
98950776
101030960
100602340
101049336
101260290
101716000
102070040
102302740
102013256
101474450
100506750
101070584
101216696
100979610
100574904
100637730
101244560
100955130
100381736
99993760
99905420
100334770
100519330
100480830
99732550
98972504
99044580
98624690
98635704
98831700
98705256
98561780
98541440
98610460
98481820
98474904
98514264
98502536
98664620
98992270
98625770
99825784
98741660
98299176
98117530
98255490
98087300
98156180
98093540
98203704
98196344
98082010
98035050
98277060
98321016
98242510
98285920
98332560
98099580
98226760
97985064
97160880
97196390
95755060
94314560
94274910
94224070
94264950
94042820
93952930
94208936
93861010
93987920
93796510
94119860
93999210
94260150
94980780
94848104
94611250
94534904
94931160
94762670
94312400
93934320
93891090
93830300
94546456
94266696
93992744
95087940
95376330
96005016
96110260
95916570
96143860
96227150
95893880
95851256
95907530
95008960
95008960
93973390
93691976
93782990
93232344
92594530
95756940
96114600
96306440
96391540
96183496
96388590
95939704
96040800
95797176
95500984
95753910
95947160
96529110
95329710
96582960
95101540
96820370
94941780
94473960
99786750
104757576
106140650
105631620
106639416
106564904
106146570
105940070
105544470
105432990
105866370
106248890
105844664
106028424
106019540
106045160
106174750
106567320
105998744
105525410
104894250
104797210
104459384
104431360
104128110
103558920
104652870
105534410
105572340
104371110
105283816
105427450
105521580
121603950
121585660
121396584
120671064
121041256
121353610
122127000
121339050
120368296
119501580
118816610
118919784
119355770
119128870
119116120
118945430
119371496
119052024
118808090
118264540
118104040
118033144
117985230
117716140
117654050
117647096
117536580
117734616
117533210
117211200
115079720
114438530
116538280
116705550
115850450
115841030
115670984
115545370
115632616
115670920
115626320
115582240
115423460
115482560
115441520
115423630
115105944
115612310
116109240
115966536
115969950
115928900
115980120
115744360
115607270
115490950
116514984
115472430
116184160
116749760
116549270
117183384
116625010
116432630
115726200
115786080
114409490
114442184
114379350
114382710
114419990
114453250
114427040
114336696
114228070
114285520
114420060
114338240
114677864
114251280
114040280
114026490
113964640
113192840
112701200
112639810
112614410
112759040
112653100
112638020
112787230
111919600
111354616
108939840
108638010
108683320
108761450
108870550
109075730
108849070
108698050
108672340
108688040
108679220
108574860
108479700
108437500
108433700
108366340
108570180
108535650
108400060
108209416
108077970
108115460
108129640
108175720
108136680
108248370
108160850
108083176
108171736
108223384
107966490
107924696
107971496
108125540
107706136
107483780
107359944
107308984
107288690
107507090
107348984
107326300
107337720
107276160
107397480
107500580
107299550
107148690
107384740
107447650
107388210
107448630
107553070
107589870
107532170
107569800
107316010
107228500
107418950
107408760
107514800
107446790
107509540
108225176
106706840
106638130
106613110
106727020
106742290
106801240
106916070
106984376
107224060
107273560
107260600
107257736
107472830
107403256
107512650
107378930
107237460
107367600
107337690
107303030
106805880
106724960
106819640
106710100
106746960
106652950
106406696
106347530
106451736
106355016
106355016
106371540
106440980
106420936
106262480
106235460
106183736
106123470
106205490
106122216
106194790
106214510
106232240
106200300
106058856
106169900
106154024
106165224
106069544
106055310
105962650
106278630
106229290
106323190
106352300
106470800
106488570
106478100
106478100
106762510
106973170
107102520
106065410
106150240
106319930
106241680
106205270
106292990
106414250
106272330
106191710
106173700
106382720
106380480
106146750
106083160
105693280
105636584
105805230
105805230
105763100
105911940
105759200
105969090
106215810
106057520
106408540
106177170
105798180
106581176
105884550
105686420
105665336
105716000
105681144
105550800
105501550
105410290
105383940
105430850
105448880
105537800
105524670
105485690
105589970
105608330
105451230
105405440
105411990
105331540
105178216
105247860
105261690
105297260
105317464
105282770
105416690
105404090
105324750
105263090
105341560
105371500
105368580
105472616
106126776
106086696
105945920
105711100
105839760
105494320
105293000
105318540
105214856
105228030
105212620
105187150
105154760
105098330
104936380
104949980
104888780
104990770
104951660
105032280
105049540
105172350
105222450
105032840
105041130
105118790
105087210
105132930
105113544
105202450
105253400
105203330
105163550
105154290
105309250
105131610
105151650
105165210
105162900
105306690
105372800
105542770
105521260
105385390
105455310
105558120
105753500
105731090
105707896
105764540
105720790
105761450
105885380
105891064
105754456
105754456
105805370
105776500
105834650
105843250
105713190
106096110
106831800
106778296
106737580
106651680
106591370
106464056
106515864
106323950
106179944
105991784
106036880
106019720
106202520
106024936
105896050
106130424
106253570
106203464
106286744
106346744
106175090
106227210
106200030
106328824
106239624
106171980
106199576
106248980
106203720
106256040
106281270
106262430
106213070
106107050
105978090
105919120
105896910
105901200
106075890
105925110
105846710
105850104
105780490
105825896
105879250
105809400
105804424
105801920
105847896
105781910
105952100
106119450
106058990
106149880
106032240
106108610
106148250
106249640
106053896
106088770
106090470
106060490
106124960
106151330
105930500
105882210
105931960
105925816
105884296
105944696
106062250
105929440
105837816
105880330
105850136
105843900
105730810
105817144
105756080
105606920
105688750
105735520
105714230
105705740
105551600
105570340
105411450
105502070
105429680
105380870
105275496
105367920
105472770
105461784
105355610
105416060
105611900
105661710
105722030
105892080
105782590
105768670
105652216
105627230
105765976
106001900
105982950
105921944
105973560
105929440
105782260
105580930
105214824
104984984
102746670
102162080
102123960
102044190
101952120
101790370
101655460
101694590
101733590
101705930
101631430
101614680
101780650
101842140
101969580
101273670
101443190
101410376
101452560
101462290
101447890
101456920
101486550
101403490
101397016
101475920
101463920
101446340
101475430
101439840
101673096
101655620
101662380
101676120
101680880
101638990
101614670
101479670
101481700
101505336
101545300
101548980
101558296
101549030
101571520
101657130
101629580
101535660
101656470
101596460
101646056
101584620
101607870
101754790
101584080
101551090
101508960
101500780
101500780
101433660
101496970
101502456
101561300
101580730
101456030
101435784
101556740
101556740
101341016
101213624
101322910
101244290
101289940
101317120
101685304
101599176
101640800
101645176
101664410
101653960
101617650
101743700
101767176
101767176
101745430
101631600
101581370
101580350
101617240
101615290
101635630
101498424
101524760
101594880
101734056
101665530
101653640
101725770
101815170
101740456
101594220
101653630
101560600
101695790
101747440
101756830
101810824
101883510
101798904
101928320
101938510
102097220
101910270
101847210
101920344
101975460
102030984
101850730
101863544
101779704
101931944
101992584
102287224
102217304
102213320
102106950
102013304
101986230
101829830
101898510
101837860
101690130
101738410
101691290
101650720
101572930
101438510
101613704
101912110
101822810
101730180
101575830
101341260
101394870
101420410
101484750
101559630
101522400
101669120
101666190
101722050
101716984
101788140
101701200
101768750
101777240
101705520
101882620
101770680
101666930
101551940
101541736
101580080
101592550
101600440
101602696
101546520
101705440
101558584
101730750
101720820
101720820
101768600
101923940
101961480
102031860
102065810
102022390
102039410
101992824
101920060
101719190
101534940
101622950
101625400
101706600
101601510
101507780
101322400
101427540
101526570
101699016
101769610
101639144
101471224
101483160
101907870
101564920
101804216
101822660
101842690
102769390
103907650
104017144
103700020
104005060
103807220
103856310
103959580
104076584
103850900
103661470
103689640
103876070
103708696
103410310
103602056
103660560
103467230
103576520
103594360
104711144
104823336
104660800
104485630
104751384
104866330
105113440
105072710
105237600
105362640
105379040
105403000
105514104
105649560
105613550
105613550
105634590
105915930
105738530
105561096
105824070
105870160
105902584
105919230
106041960
105732670
105623810
105773450
105831470
105493510
105529224
105685700
105718420
105765350
105826024
105763920
105547980
105715270
105678880
105763070
105818620
105941600
106065080
106260010
106104490
105950800
105964530
105906490
105874170
105796500
105885630
105922060
105961150
105784220
105833256
105890850
105828296
105809020
105807064
105785060
105899480
105981720
106122480
106110320
106086250
106122760
106041890
106050696
106093304
106157850
106080950
106028590
105977230
105867180
106068050
105852536
105243610
105464020
105825736
105870820
105544620
105109610
105496050
105342390
105605304
105741380
105834500
105786456
105864230
105622920
105692710
105855190
106113150
106076500
105812750
105918984
105704370
105522664
105551530
105548670
105538104
105473304
105168616
105265660
105430610
104665070
104894600
104706320
104676870
104746010
104861820
105218180
105320000
105572560
105521816
105409540
105261704
105390980
105336090
105267384
105261910
105184770
105122790
105360770
105242250
105184664
105146840
105252536
105332730
105382240
105488180
105488180
105552620
105989416
105600580
105405600
105470056
105320460
105344570
105454350
105599300
105522584
105493550
105455900
105598830
105386700
105482960
105515450
105466344
105351170
105346050
105346050
105667720
105661960
105554380
105462056
105468070
105197224
105208480
105215760
105509624
105636424
105552800
105029960
105369490
105256744
105077416
104791310
105008890
105002570
105008280
104918824
104633816
104482310
104528740
104506070
104390690
103699410
103719090
103840136
103827550
103827550
103622880
103794990
104102984
103657070
103633736
104203440
103949480
104306170
104429520
104407144
104535540
104836696
104736136
104799810
104544264
104544264
104642300
104730940
104635040
104476390
104546170
104493360
104543640
104533370
104698500
104640330
104704620
104755420
104743180
104748830
104710000
104765736
104754640
104818900
104892770
104684510
104625060
104657430
104666890
104538250
104487080
104695900
104797500
104976270
104960880
105805176
108203430
107977420
108279060
108062580
107434850
106996440
107441140
107281480
107424680
107481010
107491340
107241040
107318640
107261880
107347450
107426770
107058440
107121416
106840390
106448800
106491630
106535560
106390090
106661160
106618760
106548970
106939760
107032360
106861250
106946590
106879270
106969940
106614056
106495810
107283060
107453380
107547190
107553680
107639384
107660400
107656780
107661820
107796250
107634670
107660870
107592376
107626250
107873450
108012040
108090424
108249270
108084070
108513830
108324456
108174530
108399860
107576830
107584010
107396030
107484560
107887940
108796550
106557144
105273976
105533630
105777630
105612650
105702570
105378584
105392700
105501190
104697650
104947490
105353540
105512480
105740660
105573830
105880456
105255380
106200510
105425544
104965430
104774910
105055810
104671830
104705550
105030530
104689700
104354136
104821750
104922920
105081330
105235070
104930824
104532000
104378730
104136710
104518650
104543390
104357704
104357704
104379940
104213064
104390660
104700904
104546810
104464310
104610240
104305200
105224890
105224890
105372220
105147250
105309780
105469860
105778770
105853110
105810970
104964290
105134180
105493800
105493800
104928330
105108450
104198300
102687900
102788710
102819624
103495910
102666220
103066310
102821740
102737260
103293790
102703670
101968504
101968504
101942860
101942860
101911496
102031350
101620830
101850590
101674104
101778000
101655630
101782710
102021550
102196290
102122936
102056360
101692710
101692710
103753710
103632740
103785420
103310860
103875450
104004080
104173250
104268580
104058440
104148790
104199150
104014056
104129580
104360456
104500130
104165030
104044360
104549176
104500650
104836660
104879520
105227510
105255960
104422400
103697020
103551140
103034770
102993096
102993096
103280400
104062950
103459470
102686790
103614940
103614940
104619490
105199840
103213704
102807096
103593350
104043300
104264616
104173290
106024570
104006050
107771250
115968936
134820200
134207944
134473330
134784800
134467060
135253060
135565340
135477180
135568240
134937620
135162420
135271970
135257500
135297490
135323780
135529550
135165140
135530160
135603620
135308350
135187920
135163070
135040690
134912100
134843710
134708020
134469570
134414290
134380670
134519980
134373340
134297230
134319410
134376320
134364060
134355500
134305700
134390850
134335970
134415400
134370100
134476980
134561340
134352320
134754670
134614450
134614450
134413020
134763520
135007220
134645340
135137400
135223380
135187250
135023090
135192660
134982080
135005780
134784130
134517090
134500640
134541800
134441140
134362670
134681040
134501500
134653730
134488740
134821580
134974610
138645780
138484910
138332590
138361310
138309550
138450420
138359620
138472290
138451380
138506910
138327620
138279070
138375980
138076060
137853700
138123520
138101540
138139380
138168530
138069460
138394110
138692640
138932290
138954160
139121760
138852770
139032380
138832960
138670320
138850610
138923890
138993000
138916370
139089020
139140580
139250910
139246430
139309660
139169060
139370830
139129740
139042530
139130430
139296130
139209660
138632200
138714220
138377540
138828750
138916980
139033870
138918450
139087860
138949020
139087280
139155020
138880940
139054460
139097000
139104690
139079800
139174690
139278050
138977730
138816180
138860460
138767550
138594530
138528690
138696380
138777630
138708860
138703900
138721280
138764430
138817490
138687220
139342200
138945550
138910510
138853940
139001020
139039520
138960380
138913500
138997620
138975570
139161020
139073060
138957520
139075680
139054960
139127860
139100080
138898320
138714080
138533550
138574930
138793660
138716060
138966510
138972180
139055150
138844740
139055620
139377280
139051000
138950200
138832830
138494100
137632960
137884370
138127470
138201120
137891000
138549360
138483380
138923970
138804670
138759700
138769310
138714430
138731580
138818050
138717600
138787950
138676640
138766830
138696850
138622740
138537280
138743260
138973340
139140140
139308400
139588200
139524160
139474290
139262420
138905060
138525940
138385780
138392020
138384540
138288220
138245580
138301630
138202270
138225150
138246900
138202370
138235250
138278600
138233280
138089470
138728960
138417710
138237950
138163600
138108930
138027410
